0,0.77825027,-1.481440573,3.830960534,2.483550788,0.488064493,2.803981839,3.227082806,1.882938525,-0.072602914,1.407032045,-0.318598346,-0.090224099,-1.673207444,-0.527058217,-1.54472973,-1.211829303,-2.939156958,-6.402138626,-0.089218663,-2.019727718,-0.456932247,0.842584675,-1.43594571,-0.51320072,0.054822748,-0.687071622,1.012964365,2.588832359,1.797061119,1.163483447,0.529516778,1.328175827,1.453527587,1.014175501,-0.208952038,1.350095085,-5.536969291,2.119763391,-3.687241062,0.984894663,6.046113726,-4.194035824,-2.949651708,0.784025228,1.575136315,1.564691552,1.584400825,1.472748822,1.740047002,2.332342972,-6.445928244,1.051624063,2.016908938,-3.691145272,2.637238842,-0.263702609,-1.599102523,2.165346825,3.508735432,1.009156287,4.334259848,4.622065213,8.790952429,5.112673491,5.922194406,6.598772833,6.859691122,6.022898827,4.640453324,0.701073173,-0.234372991,5.554531848,2.843606069,0.812261219,1.589887383,5.220349074,3.02996774,5.552631689,-2.99936054,-7.889801678,1.910692082,-3.22064912,0.354345388,1.614780988,-0.993843725,-5.123351521,-4.825538643,-0.413566825,0.258238139,0.318475102,-4.295751335,-8.086886527,-5.872409925,-8.067347868,-1.474799824,9.730620965,9.968008235,9.747688638,9.971391062
-0.77825027,0,-2.259690843,3.052710264,1.705300518,-0.290185777,2.025731569,2.448832536,1.064038063,-0.901572043,0.628781776,-1.096848616,-0.868474369,-2.451457714,-1.305308486,-2.32298,-1.990079573,-3.717407228,-7.180388896,-0.867468933,-2.797977987,-1.235182517,0.064334405,-2.21419598,-1.29145099,-0.723427522,-1.465321892,0.234714095,1.81058209,1.018810849,0.385233177,-0.248733492,0.549925558,0.675277317,0.235925231,-0.987202308,0.571844816,-6.315219561,1.341513121,-4.465491332,0.206644393,5.267863456,-4.972286094,-3.727901977,0.005774958,0.796886046,0.786441283,0.806150555,0.694498552,0.961796732,1.554092702,-7.224178514,0.273373793,1.238658668,-4.469395542,1.858988572,-1.041952879,-2.377352792,1.387096555,2.730485163,0.230906017,3.556009578,3.843814944,8.012702159,4.334423222,5.143944136,5.820522563,6.081440852,5.244648557,3.862203054,-0.077177097,-1.012623261,4.776281579,2.0653558,0.034010949,0.811637113,4.430972278,2.25171747,4.774381419,-3.777610809,-8.668051948,1.132441813,-3.99889939,-0.423904882,0.836530718,-1.772093995,-5.901601791,-5.603788913,-1.191817094,-0.520012131,-0.459775168,-5.074001605,-8.865136797,-6.650660195,-8.845598138,-2.253050093,8.897437241,9.107135731,8.969438368,9.193140792
1.481440573,2.259690843,0,5.312401107,3.964991361,1.969505066,4.285422412,4.708523379,3.368371329,1.383205394,2.888472619,1.162842228,1.391216474,-0.191766871,0.954382357,-0.063289156,0.26961127,-1.457716385,-4.920698053,1.392221911,-0.538287144,1.024508326,2.324025248,0.045494864,0.968239853,1.536263321,0.794368951,2.494404938,4.070272933,3.278501692,2.64492402,2.010957352,2.809616401,2.934968161,2.495616075,1.272488535,2.831535659,-4.055528718,3.601203964,-2.205800489,2.466335237,7.527554299,-2.712595251,-1.468211134,2.265465801,3.056576889,3.046132126,3.065841398,2.954189395,3.221487576,3.813783545,-4.964487671,2.533064636,3.498349511,-2.209704699,4.118679415,1.217737964,-0.117661949,3.646787398,4.990176006,2.49059686,5.815700421,6.103505787,10.272393,6.594114065,7.403634979,8.080213406,8.341131695,7.5043394,6.121893897,2.182513746,1.247067582,7.035972422,4.325046643,2.293701793,3.071327956,6.71582316,4.511408313,7.034072263,-1.517919966,-6.408361105,3.392132656,-1.739208547,1.835785961,3.096221562,0.487596848,-3.641910947,-3.34409807,1.067873749,1.739678712,1.799915675,-2.814310761,-6.605445954,-4.390969352,-6.585907294,0.00664075,11.18710633,11.46780554,11.22912921,11.45283164
-3.830960534,-3.052710264,-5.312401107,0,-1.347409745,-3.34289604,-1.026978695,-0.603877728,-1.975711688,-3.913725443,-2.423928488,-4.149558879,-3.921184633,-5.504167978,-4.35801875,-5.375690263,-5.042789837,-6.770117491,-10.23309916,-3.920179196,-5.850688251,-4.287892781,-2.988375859,-5.266906243,-4.344161253,-3.776137786,-4.518032156,-2.817996169,-1.242128174,-2.033899415,-2.667477087,-3.301443755,-2.502784706,-2.377432946,-2.816785032,-4.039912572,-2.480865448,-9.367929825,-1.711197143,-7.518201596,-2.84606587,2.215153193,-8.024996358,-6.780612241,-3.046935306,-2.255824218,-2.266268981,-2.246559709,-2.358211712,-2.090913531,-1.498617562,-10.27688878,-2.779336471,-1.814051596,-7.522105806,-1.193721692,-4.094663143,-5.430063056,-1.665613709,-0.322225101,-2.821804247,0.503299314,0.79110468,4.959991895,1.281712958,2.091233872,2.767812299,3.028730588,2.191938293,0.80949279,-3.129887361,-4.065333524,1.723571315,-0.987354464,-3.018699314,-2.241073151,1.402628029,-0.800992794,1.721671156,-6.830321073,-11.72076221,-1.920268451,-7.051609654,-3.476615145,-2.216179545,-4.824804259,-8.954312054,-8.656499177,-4.244527358,-3.572722395,-3.512485432,-8.126711868,-11.91784706,-9.703370459,-11.8983084,-5.305760357,5.890177411,6.140485288,5.916728104,6.140430528
-2.483550788,-1.705300518,-3.964991361,1.347409745,0,-1.995486295,0.320431051,0.743532018,-0.653854577,-2.61220813,-1.076518743,-2.802149134,-2.573774887,-4.156758232,-3.010609005,-4.028280518,-3.695380091,-5.422707746,-8.885689414,-2.572769451,-4.503278506,-2.940483035,-1.640966113,-3.919496498,-2.996751508,-2.42872804,-3.17062241,-1.470586423,0.105281571,-0.686489669,-1.320067341,-1.95403401,-1.155374961,-1.030023201,-1.469375287,-2.692502826,-1.133455703,-8.020520079,-0.363787397,-6.17079185,-1.498656125,3.562562938,-6.677586612,-5.433202496,-1.69952556,-0.908414473,-0.918859236,-0.899149963,-1.010801966,-0.743503786,-0.151207816,-8.929479032,-1.431926725,-0.46664185,-6.17469606,0.153688054,-2.747253397,-4.082653311,-0.318203963,1.025184644,-1.474394501,1.85070906,2.138514425,6.307401641,2.629122703,3.438643618,4.115222045,4.376140334,3.539348039,2.156902536,-1.782477615,-2.717923779,3.07098106,0.360055281,-1.671289569,-0.893663405,2.720585446,0.546416952,3.069080901,-5.482911328,-10.37335247,-0.572858706,-5.704199908,-2.1292054,-0.8687698,-3.477394513,-7.606902309,-7.309089431,-2.897117613,-2.225312649,-2.165075686,-6.779302123,-10.57043732,-8.355960713,-10.55089866,-3.958350612,7.181877077,7.372069384,7.26413785,7.487840274
-0.488064493,0.290185777,-1.969505066,3.34289604,1.995486295,0,2.315917346,2.739018313,1.363949399,-0.593021551,0.918967552,-0.806662839,-0.578288592,-2.161271937,-1.01512271,-2.032794223,-1.699893796,-3.427221451,-6.890203119,-0.577283156,-2.507792211,-0.94499674,0.354520182,-1.924010203,-1.001265213,-0.433241745,-1.175136115,0.524899872,2.100767866,1.308996626,0.675418954,0.041452285,0.840111334,0.965463094,0.526111008,-0.697016531,0.862030592,-6.025033784,1.631698898,-4.175305555,0.49683017,5.558049233,-4.682100317,-3.437716201,0.295960735,1.087071822,1.076627059,1.096336332,0.984684328,1.251982509,1.844278479,-6.933992738,0.56355957,1.528844445,-4.179209765,2.149174349,-0.751767102,-2.087167016,1.677282332,3.020670939,0.521091794,3.846195355,4.13400072,8.302887936,4.624608998,5.434129913,6.11070834,6.371626629,5.534834334,4.152388831,0.21300868,-0.722437484,5.066467355,2.355541576,0.324196726,1.10182289,4.737965651,2.541903247,5.064567196,-3.487425033,-8.377866172,1.422627589,-3.708713613,-0.133719105,1.126716495,-1.481908218,-5.611416014,-5.313603136,-0.901631318,-0.229826354,-0.169589391,-4.783815828,-8.57495102,-6.360474418,-8.555412361,-1.962864317,9.224704032,9.440301032,9.259624145,9.483326569
-2.803981839,-2.025731569,-4.285422412,1.026978695,-0.320431051,-2.315917346,0,0.423100967,-1.002475931,-2.949220624,-1.396949793,-3.122580185,-2.894205938,-4.477189283,-3.331040056,-4.348711569,-4.015811142,-5.743138797,-9.206120465,-2.893200502,-4.823709557,-3.260914086,-1.961397164,-4.239927549,-3.317182559,-2.749159091,-3.491053461,-1.791017474,-0.21514948,-1.00692072,-1.640498392,-2.274465061,-1.475806011,-1.350454252,-1.789806338,-3.012933877,-1.453886753,-8.34095113,-0.684218448,-6.491222901,-1.819087176,3.242131887,-6.998017663,-5.753633547,-2.019956611,-1.228845523,-1.239290286,-1.219581014,-1.331233017,-1.063934837,-0.471638867,-9.249910083,-1.752357776,-0.787072901,-6.495127111,-0.166742997,-3.067684448,-4.403084361,-0.638635014,0.704753593,-1.794825552,1.530278009,1.818083374,5.98697059,2.308691652,3.118212567,3.794790994,4.055709283,3.218916988,1.836471485,-2.102908666,-3.03835483,2.75055001,0.039624231,-1.99172062,-1.214094456,2.380236603,0.225985901,2.74864985,-5.803342378,-10.69378352,-0.893289757,-6.024630959,-2.449636451,-1.189200851,-3.797825564,-7.92733336,-7.629520482,-3.217548664,-2.5457437,-2.485506737,-7.099733174,-10.89086837,-8.676391764,-10.87132971,-4.278781663,6.818099983,7.024388364,6.943706799,7.167409223
-3.227082806,-2.448832536,-4.708523379,0.603877728,-0.743532018,-2.739018313,-0.423100967,0,-1.3911567,-3.335664267,-1.82005076,-3.545681152,-3.317306905,-4.90029025,-3.754141023,-4.771812536,-4.438912109,-6.166239764,-9.629221432,-3.316301469,-5.246810524,-3.684015053,-2.384498131,-4.663028516,-3.740283526,-3.172260058,-3.914154428,-2.214118441,-0.638250447,-1.430021687,-2.063599359,-2.697566028,-1.898906978,-1.773555219,-2.212907305,-3.436034844,-1.87698772,-8.764052097,-1.107319415,-6.914323868,-2.242188143,2.81903092,-7.42111863,-6.176734514,-2.443057578,-1.65194649,-1.662391253,-1.642681981,-1.754333984,-1.487035804,-0.894739834,-9.67301105,-2.175458743,-1.210173868,-6.918228078,-0.589843964,-3.490785415,-4.826185328,-1.061735981,0.281652626,-2.217926519,1.107177042,1.394982407,5.563869623,1.885590685,2.6951116,3.371690027,3.632608316,2.795816021,1.413370518,-2.526009633,-3.461455797,2.327449043,-0.383476736,-2.414821587,-1.637195423,1.9816661,-0.197115066,2.325548883,-6.226443345,-11.11688448,-1.316390724,-6.447731926,-2.872737418,-1.612301818,-4.220926531,-8.350434327,-8.052621449,-3.640649631,-2.968844667,-2.908607704,-7.522834141,-11.31396933,-9.099492731,-11.29443067,-4.70188263,6.448898899,6.642612452,6.520605832,6.744308256
-1.882938525,-1.064038063,-3.368371329,1.975711688,0.653854577,-1.363949399,1.002475931,1.3911567,0,-1.968536736,-0.454896324,-2.17785426,-1.959730455,-3.543758247,-2.388009902,-3.382555494,-3.099030002,-4.755707833,-8.258001649,-1.932032984,-3.887338052,-2.313713147,-0.999875396,-3.316952989,-2.362761413,-1.820299043,-2.545264582,-0.837982224,0.768984391,-0.045289263,-0.683284029,-1.315703563,-0.521172459,-0.388686944,-0.833028364,-2.064384407,-0.505511265,-7.402306523,0.269933,-5.520040912,-0.859585512,4.1506466,-6.021184675,-4.773260152,-1.061025295,-0.262505985,-0.277464196,-0.251574382,-0.367508677,-0.08800601,0.500134052,-8.336788193,-0.802096754,0.153394111,-5.556909649,0.788771132,-2.096073451,-3.536958274,0.334050589,1.682875127,-0.884756389,2.503230403,2.782105517,6.897437168,3.240438316,4.034211054,4.72984079,4.976966979,4.116012337,2.772121994,-1.152945183,-2.116282415,3.677089498,1.027997442,-1.052284016,-0.247428401,3.496047081,1.210536874,3.709657599,-4.878953491,-9.750117517,0.025042634,-5.049519904,-1.54373828,-0.262783386,-2.795739702,-6.985181405,-6.71714969,-2.218650232,-1.53425029,-1.463362274,-6.124248175,-9.95984163,-7.760903544,-9.964079702,-3.287660417,7.900608508,8.209549245,7.853965244,8.10091819
0.072602914,0.901572043,-1.383205394,3.913725443,2.61220813,0.593021551,2.949220624,3.335664267,1.968536736,0,1.48980192,-0.228692353,0.022112104,-1.582727576,-0.422163334,-1.440899532,-1.098047888,-2.800708796,-6.28877078,0.023496873,-1.928516176,-0.362168846,0.968826522,-1.359366666,-0.403867829,0.161499701,-0.593208787,1.113639299,2.700411886,1.91985341,1.27182539,0.643370478,1.461271867,1.55448266,1.124253608,-0.103944963,1.438330713,-5.490628038,2.236177094,-3.606102547,1.097146223,6.123857481,-4.073853961,-2.814837922,0.904978452,1.693158858,1.68151252,1.694998541,1.584504373,1.861171938,2.471458509,-6.361002906,1.157946524,2.139024067,-3.599775261,2.739167335,-0.120716396,-1.498860202,2.291755887,3.644799996,1.069683253,4.450690564,4.736222984,8.867915844,5.167249321,5.998112205,6.707861708,6.940446457,6.08527299,4.740470633,0.800420852,-0.141791541,5.639827333,2.967038169,0.916255331,1.691072503,5.422217401,3.137445074,5.658412585,-2.928549217,-7.791813636,1.992652822,-3.074634987,0.408706623,1.720831908,-0.832429173,-5.001259962,-4.757825107,-0.245816515,0.438368285,0.502067815,-4.166459627,-8.009383168,-5.80859334,-8.00167855,-1.312452921,9.829486595,10.16373774,9.799441817,10.05321735
-1.407032045,-0.628781776,-2.888472619,2.423928488,1.076518743,-0.918967552,1.396949793,1.82005076,0.454896324,-1.48980192,0,-1.725630391,-1.497256145,-3.08023949,-1.934090262,-2.951761775,-2.618861349,-4.346189003,-7.809170672,-1.496250708,-3.426759763,-1.863964293,-0.564447371,-2.842977755,-1.920232765,-1.352209298,-2.094103668,-0.394067681,1.181800314,0.390029073,-0.243548599,-0.877515267,-0.078856218,0.046495542,-0.392856544,-1.615984084,-0.05693696,-6.944001337,0.712731345,-5.094273108,-0.422137382,4.639081681,-5.60106787,-4.356683753,-0.623006818,0.16810427,0.157659507,0.17736878,0.065716776,0.333014957,0.925310926,-7.85296029,-0.355407983,0.609876892,-5.098177318,1.230206796,-1.670734655,-3.006134568,0.758314779,2.101703387,-0.397875759,2.927227802,3.215033168,7.383920383,3.705641446,4.51516236,5.191740787,5.452659076,4.615866781,3.233421278,-0.705958873,-1.641405036,4.147499803,1.436574024,-0.594770826,0.182855337,3.817151184,1.622935694,4.145599644,-4.406392585,-9.296833724,0.503660037,-4.627681166,-1.052686657,0.207748943,-2.400875771,-6.530383566,-6.232570689,-1.82059887,-1.148793907,-1.088556944,-5.70278338,-9.493918573,-7.27944197,-9.474379913,-2.881831869,8.30386887,8.548820716,8.340656592,8.564359016
0.318598346,1.096848616,-1.162842228,4.149558879,2.802149134,0.806662839,3.122580185,3.545681152,2.17785426,0.228692353,1.725630391,0,0.228374247,-1.354609098,-0.208459871,-1.226131384,-0.893230957,-2.620558612,-6.083540281,0.229379683,-1.701129372,-0.138333901,1.16118302,-1.117347364,-0.194602374,0.373421094,-0.368473276,1.331562711,2.907430705,2.115659465,1.482081793,0.848115124,1.646774173,1.772125933,1.332773847,0.109646308,1.668693431,-5.218370945,2.438361737,-3.368642716,1.303493009,6.364712072,-3.875437478,-2.631053362,1.102623574,1.893734661,1.883289898,1.902999171,1.791347167,2.058645348,2.650941318,-6.127329899,1.370222409,2.335507284,-3.372546926,2.955837187,0.054895736,-1.280504177,2.483945171,3.827333778,1.327754633,4.652858194,4.940663559,9.109550775,5.431271837,6.240792752,6.917371178,7.178289468,6.341497173,4.95905167,1.019671519,0.084225355,5.873130194,3.162204415,1.130859565,1.908485728,5.528084649,3.348566086,5.871230035,-2.680762194,-7.571203333,2.229290428,-2.902050774,0.672943734,1.933379334,-0.67524538,-4.804753175,-4.506940297,-0.094968479,0.576836485,0.637073448,-3.977152989,-7.768288182,-5.553811579,-7.748749522,-1.156201478,10.02979895,10.2611964,10.06628698,10.28998941
0.090224099,0.868474369,-1.391216474,3.921184633,2.573774887,0.578288592,2.894205938,3.317306905,1.959730455,-0.022112104,1.497256145,-0.228374247,0,-1.582983345,-0.436834117,-1.454505631,-1.121605204,-2.848932859,-6.311914527,0.001005436,-1.929503618,-0.366708148,0.932808774,-1.34572161,-0.422976621,0.145046847,-0.596847523,1.103188464,2.679056459,1.887285218,1.253707546,0.619740877,1.418399927,1.543751686,1.104399601,-0.118727939,1.440319185,-5.446745192,2.20998749,-3.597016963,1.075118763,6.136337825,-4.103811725,-2.859427608,0.874249327,1.665360415,1.654915652,1.674624924,1.562972921,1.830271101,2.422567071,-6.355704145,1.141848162,2.107133037,-3.600921173,2.727462941,-0.17347851,-1.508878423,2.255570924,3.598959532,1.099380386,4.424483947,4.712289313,8.881176528,5.202897591,6.012418505,6.688996932,6.949915221,6.113122926,4.730677423,0.791297272,-0.144148892,5.644755948,2.933830169,0.902485318,1.680111482,5.307667913,3.120191839,5.642855789,-2.90913644,-7.799577579,2.000916182,-3.130425021,0.444569487,1.705005087,-0.903619626,-5.033127422,-4.735314544,-0.323342725,0.348462238,0.408699201,-4.205527235,-7.996662428,-5.782185826,-7.977123768,-1.384575724,9.765579009,10.02351181,9.837912737,10.06161516
1.673207444,2.451457714,0.191766871,5.504167978,4.156758232,2.161271937,4.477189283,4.90029025,3.543758247,1.582727576,3.08023949,1.354609098,1.582983345,0,1.146149227,0.128477714,0.461378141,-1.265949514,-4.728931182,1.583988781,-0.346520274,1.216275197,2.515792119,0.237261734,1.160006724,1.728030192,0.986135822,2.686171809,4.262039803,3.470268563,2.836690891,2.202724222,3.001383272,3.126735031,2.687382945,1.464255406,3.02330253,-3.863761847,3.792970835,-2.014033618,2.658102107,7.71932117,-2.52082838,-1.276444264,2.457232672,3.24834376,3.237898997,3.257608269,3.145956266,3.413254446,4.005550416,-4.7727208,2.724831507,3.690116382,-2.017937828,4.310446286,1.409504835,0.074104922,3.838554269,5.181942876,2.682363731,6.007467292,6.295272657,10.46415987,6.785880935,7.59540185,8.271980277,8.532898566,7.696106271,6.313660768,2.374280617,1.438834453,7.227739293,4.516813514,2.485468663,3.263094827,6.903407701,4.703175184,7.225839133,-1.326153095,-6.216594234,3.583899526,-1.547441676,2.027552832,3.287988432,0.679363719,-3.450144077,-3.152331199,1.259640619,1.931445583,1.991682546,-2.622543891,-6.413679083,-4.199202481,-6.394140424,0.19840762,11.3985661,11.65458802,11.42089608,11.64459851
0.527058217,1.305308486,-0.954382357,4.35801875,3.010609005,1.01512271,3.331040056,3.754141023,2.388009902,0.422163334,1.934090262,0.208459871,0.436834117,-1.146149227,0,-1.017671513,-0.684771086,-2.412098741,-5.87508041,0.437839554,-1.492669501,0.070125969,1.369642891,-0.908887493,0.013857497,0.581880965,-0.160013406,1.540022582,3.115890576,2.324119335,1.690541664,1.056574995,1.855234044,1.980585804,1.541233718,0.318106178,1.877153302,-5.009911075,2.646821608,-3.160182845,1.51195288,6.573171943,-3.666977608,-2.422593491,1.311083444,2.102194532,2.091749769,2.111459042,1.999807038,2.267105219,2.859401189,-5.918870028,1.57868228,2.543967155,-3.164087056,3.164297058,0.263355607,-1.072044306,2.692405041,4.035793649,1.536214503,4.861318064,5.14912343,9.318010645,5.639731708,6.449252623,7.125831049,7.386749339,6.549957043,5.167511541,1.22813139,0.292685226,6.081590065,3.370664286,1.339319436,2.116945599,5.759473177,3.557025957,6.079689906,-2.472302323,-7.362743462,2.437750299,-2.693590903,0.881403605,2.141839205,-0.466785509,-4.596293304,-4.298480426,0.113491392,0.785296356,0.845533319,-3.768693118,-7.559828311,-5.345351708,-7.540289651,-0.947741607,10.23675552,10.46906175,10.27474685,10.49844928
1.54472973,2.32298,0.063289156,5.375690263,4.028280518,2.032794223,4.348711569,4.771812536,3.382555494,1.440899532,2.951761775,1.226131384,1.454505631,-0.128477714,1.017671513,0,0.332900427,-1.394427228,-4.857408897,1.455511067,-0.474997988,1.087797483,2.387314405,0.10878402,1.03152901,1.599552478,0.857658108,2.557694095,4.133562089,3.341790849,2.708213177,2.074246508,2.872905557,2.998257317,2.558905231,1.335777692,2.894824815,-3.992239561,3.664493121,-2.142511332,2.529624393,7.590843456,-2.649306094,-1.404921978,2.328754958,3.119866045,3.109421282,3.129130555,3.017478551,3.284776732,3.877072702,-4.901198515,2.596353793,3.561638668,-2.146415542,4.181968572,1.28102712,-0.054372793,3.710076555,5.053465162,2.553886017,5.878989578,6.166794943,10.33568216,6.657403221,7.466924136,8.143502563,8.404420852,7.567628557,6.185183054,2.245802903,1.310356739,7.099261578,4.388335799,2.356990949,3.134617112,6.797744552,4.57469747,7.097361419,-1.45463081,-6.345071949,3.455421812,-1.67591939,1.899075118,3.159510718,0.550886005,-3.578621791,-3.280808913,1.131162905,1.802967869,1.863204832,-2.751021605,-6.542156798,-4.327680195,-6.522618138,0.069929906,11.2472556,11.50879471,11.29241837,11.51612079
1.211829303,1.990079573,-0.26961127,5.042789837,3.695380091,1.699893796,4.015811142,4.438912109,3.099030002,1.098047888,2.618861349,0.893230957,1.121605204,-0.461378141,0.684771086,-0.332900427,0,-1.727327655,-5.190309323,1.12261064,-0.807898415,0.754897056,2.054413978,-0.224116407,0.698628583,1.266652051,0.524757681,2.224793668,3.800661663,3.008890422,2.37531275,1.741346081,2.540005131,2.66535689,2.226004804,1.002877265,2.561924389,-4.325139988,3.331592694,-2.475411759,2.196723966,7.257943029,-2.982206521,-1.737822405,1.995854531,2.786965619,2.776520856,2.796230128,2.684578125,2.951876305,3.544172275,-5.234098941,2.263453366,3.228738241,-2.479315969,3.849068145,0.948126694,-0.387273219,3.377176128,4.720564735,2.22098559,5.546089151,5.833894516,10.00278173,6.324502794,7.134023709,7.810602136,8.071520425,7.23472813,5.852282627,1.912902476,0.977456312,6.766361152,4.055435373,2.024090522,2.801716686,6.443085271,4.241797043,6.764460992,-1.787531236,-6.677972375,3.122521385,-2.008819817,1.566174691,2.826610291,0.217985578,-3.911522218,-3.61370934,0.798262478,1.470067442,1.530304405,-3.083922032,-6.875057224,-4.660580622,-6.855518565,-0.26297052,10.89722859,11.13991333,10.95951794,11.18322036
2.939156958,3.717407228,1.457716385,6.770117491,5.422707746,3.427221451,5.743138797,6.166239764,4.755707833,2.800708796,4.346189003,2.620558612,2.848932859,1.265949514,2.412098741,1.394427228,1.727327655,0,-3.462981668,2.849938295,0.91942924,2.482224711,3.781741633,1.503211248,2.425956238,2.993979706,2.252085336,3.952121323,5.527989317,4.736218077,4.102640405,3.468673736,4.267332785,4.392684545,3.953332459,2.73020492,4.289252043,-2.597812333,5.058920349,-0.748084104,3.924051621,8.985270684,-1.254878866,-0.01049475,3.723182186,4.514293273,4.50384851,4.523557783,4.41190578,4.67920396,5.27149993,-3.506771286,3.990781021,4.956065896,-0.751988314,5.5763958,2.675454349,1.340054435,5.104503783,6.44789239,3.948313245,7.273416806,7.561222171,11.73010939,8.051830449,8.861351364,9.537929791,9.79884808,8.962055785,7.579610282,3.640230131,2.704783967,8.493688806,5.782763027,3.751418177,4.529044341,8.117024121,5.969124698,8.491788647,-0.060203582,-4.95064472,4.84984904,-0.281492162,3.293502346,4.553937946,1.945313233,-2.184194563,-1.886381685,2.525590133,3.197395097,3.25763206,-1.356594377,-5.147729569,-2.933252967,-5.12819091,1.464357134,12.58338314,12.77683457,12.6868456,12.91054802
6.402138626,7.180388896,4.920698053,10.23309916,8.885689414,6.890203119,9.206120465,9.629221432,8.258001649,6.28877078,7.809170672,6.083540281,6.311914527,4.728931182,5.87508041,4.857408897,5.190309323,3.462981668,0,6.312919964,4.382410909,5.945206379,7.244723301,4.966192917,5.888937906,6.456961374,5.715067004,7.415102991,8.990970986,8.199199745,7.565622073,6.931655405,7.730314454,7.855666214,7.416314128,6.193186588,7.752233712,0.865169335,8.521902017,2.714897564,7.38703329,12.44825235,2.208102802,3.452486919,7.186163854,7.977274942,7.966830179,7.986539451,7.874887448,8.142185628,8.734481598,-0.043789618,7.453762689,8.419047564,2.710993354,9.039377468,6.138436017,4.803036104,8.567485451,9.910874059,7.411294913,10.73639847,11.02420384,15.19309106,11.51481212,12.32433303,13.00091146,13.26182975,12.42503745,11.04259195,7.103211799,6.167765635,11.95667047,9.245744696,7.214399845,7.992026009,11.62087306,9.432106366,11.95477032,3.402778087,-1.487663052,8.312830709,3.181489506,6.756484014,8.016919615,5.408294901,1.278787106,1.576599983,5.988571802,6.660376765,6.720613728,2.106387292,-1.684747901,0.529728701,-1.665209241,4.927338803,16.10319661,16.36101768,16.14982726,16.37352969
0.089218663,0.867468933,-1.392221911,3.920179196,2.572769451,0.577283156,2.893200502,3.316301469,1.932032984,-0.023496873,1.496250708,-0.229379683,-0.001005436,-1.583988781,-0.437839554,-1.455511067,-1.12261064,-2.849938295,-6.312919964,0,-1.930509055,-0.367713584,0.931803338,-1.346727047,-0.423982057,0.144041411,-0.597852959,1.102183028,2.678051022,1.886279782,1.25270211,0.618735441,1.41739449,1.54274625,1.103394164,-0.119733375,1.439313748,-5.447750628,2.208982054,-3.598022399,1.074113326,6.135332389,-4.104817161,-2.860433045,0.873243891,1.664354978,1.653910215,1.673619488,1.561967484,1.829265665,2.421561635,-6.356709582,1.140842726,2.106127601,-3.601926609,2.726457505,-0.174483947,-1.50988386,2.254565488,3.597954095,1.09837495,4.423478511,4.711283876,8.880171092,5.201892154,6.011413069,6.687991495,6.948909785,6.11211749,4.729671987,0.790291836,-0.145154328,5.643750511,2.932824732,0.901479882,1.679106045,5.311898368,3.119186403,5.641850352,-2.910141877,-7.800583016,1.999910745,-3.131430457,0.443564051,1.703999651,-0.904625062,-5.034132858,-4.73631998,-0.324348162,0.347456802,0.407693765,-4.206532672,-7.997667865,-5.783191262,-7.978129205,-1.385581161,9.770641737,10.01403323,9.836907301,10.06060972
2.019727718,2.797977987,0.538287144,5.850688251,4.503278506,2.507792211,4.823709557,5.246810524,3.887338052,1.928516176,3.426759763,1.701129372,1.929503618,0.346520274,1.492669501,0.474997988,0.807898415,-0.91942924,-4.382410909,1.930509055,0,1.56279547,2.862312392,0.583782008,1.506526998,2.074550466,1.332656095,3.032692083,4.608560077,3.816788836,3.183211165,2.549244496,3.347903545,3.473255305,3.033903219,1.81077568,3.369822803,-3.517241574,4.139491109,-1.667513344,3.004622381,8.065841444,-2.174308107,-0.92992399,2.803752945,3.594864033,3.58441927,3.604128543,3.492476539,3.75977472,4.35207069,-4.426200527,3.071351781,4.036636656,-1.671417555,4.656966559,1.756025108,0.420625195,4.185074543,5.52846315,3.028884005,6.353987565,6.641792931,10.81068015,7.132401209,7.941922124,8.61850055,8.87941884,8.042626544,6.660181042,2.720800891,1.785354727,7.574259566,4.863333787,2.831988937,3.6096151,7.257489402,5.049695458,7.572359407,-0.979632822,-5.870073961,3.9304198,-1.200921402,2.374073106,3.634508706,1.025883992,-3.103623803,-2.805810925,1.606160893,2.277965857,2.33820282,-2.276023617,-6.06715881,-3.852682207,-6.04762015,0.544927894,11.7629015,12.01939983,11.76741636,11.99111878
0.456932247,1.235182517,-1.024508326,4.287892781,2.940483035,0.94499674,3.260914086,3.684015053,2.313713147,0.362168846,1.863964293,0.138333901,0.366708148,-1.216275197,-0.070125969,-1.087797483,-0.754897056,-2.482224711,-5.945206379,0.367713584,-1.56279547,0,1.299516922,-0.979013462,-0.056268473,0.511754995,-0.230139375,1.469896612,3.045764607,2.253993366,1.620415694,0.986449025,1.785108075,1.910459834,1.471107748,0.247980209,1.807027333,-5.080037044,2.576695638,-3.230308815,1.44182691,6.503045973,-3.737103577,-2.49271946,1.240957475,2.032068563,2.0216238,2.041333072,1.929681069,2.196979249,2.789275219,-5.988995997,1.50855631,2.473841185,-3.234213025,3.094171089,0.193229638,-1.142170275,2.622279072,3.96566768,1.466088534,4.791192095,5.078997461,9.247884676,5.569605739,6.379126653,7.05570508,7.316623369,6.479831074,5.097385571,1.15800542,0.222559256,6.011464096,3.300538317,1.269193466,2.04681963,5.686847599,3.486899987,6.009563936,-2.542428292,-7.432869431,2.36762433,-2.763716873,0.811277635,2.071713235,-0.536911478,-4.666419274,-4.368606396,0.043365423,0.715170386,0.775407349,-3.838819087,-7.62995428,-5.415477678,-7.61041562,-1.017867576,10.17299603,10.43807139,10.20462088,10.42832331
-0.842584675,-0.064334405,-2.324025248,2.988375859,1.640966113,-0.354520182,1.961397164,2.384498131,0.999875396,-0.968826522,0.564447371,-1.16118302,-0.932808774,-2.515792119,-1.369642891,-2.387314405,-2.054413978,-3.781741633,-7.244723301,-0.931803338,-2.862312392,-1.299516922,0,-2.278530384,-1.355785395,-0.787761927,-1.529656297,0.17037969,1.746247685,0.954476444,0.320898772,-0.313067897,0.485591153,0.610942912,0.171590827,-1.051536713,0.507510411,-6.379553966,1.277178716,-4.529825737,0.142309989,5.203529051,-5.036620499,-3.792236382,-0.058559447,0.732551641,0.722106878,0.74181615,0.630164147,0.897462327,1.489758297,-7.288512919,0.209039388,1.174324263,-4.533729947,1.794654167,-1.106287284,-2.441687197,1.32276215,2.666150758,0.166571612,3.491675173,3.779480539,7.948367754,4.270088817,5.079609731,5.756188158,6.017106447,5.180314152,3.797868649,-0.141511502,-1.076957666,4.711947174,2.001021395,-0.030323456,0.747302708,4.358540397,2.187383065,4.710047015,-3.841945214,-8.732386353,1.068107408,-4.063233795,-0.488239287,0.772196314,-1.8364284,-5.965936195,-5.668123318,-1.256151499,-0.584346536,-0.524109573,-5.138336009,-8.929471202,-6.7149946,-8.909932542,-2.317384498,8.822787774,9.042618715,8.905103963,9.128806387
1.43594571,2.21419598,-0.045494864,5.266906243,3.919496498,1.924010203,4.239927549,4.663028516,3.316952989,1.359366666,2.842977755,1.117347364,1.34572161,-0.237261734,0.908887493,-0.10878402,0.224116407,-1.503211248,-4.966192917,1.346727047,-0.583782008,0.979013462,2.278530384,0,0.92274499,1.490768458,0.748874087,2.448910075,4.024778069,3.233006828,2.599429157,1.965462488,2.764121537,2.889473297,2.450121211,1.226993672,2.786040795,-4.101023582,3.555709101,-2.251295352,2.420840373,7.482059436,-2.758090115,-1.513705998,2.219970937,3.011082025,3.000637262,3.020346535,2.908694531,3.175992712,3.768288682,-5.009982535,2.487569773,3.452854648,-2.255199562,4.073184551,1.1722431,-0.163156813,3.601292535,4.944681142,2.445101997,5.770205557,6.058010923,10.22689814,6.548619201,7.358140116,8.034718542,8.295636832,7.458844536,6.076399034,2.137018883,1.201572719,6.990477558,4.279551779,2.248206929,3.025833092,6.671930517,4.46591345,6.988577399,-1.56341483,-6.453855969,3.346637792,-1.78470341,1.790291098,3.050726698,0.442101984,-3.687405811,-3.389592933,1.022378885,1.694183849,1.754420812,-2.859805625,-6.650940818,-4.436464215,-6.631402158,-0.038854114,11.18018919,11.46895182,11.18363435,11.40733677
0.51320072,1.29145099,-0.968239853,4.344161253,2.996751508,1.001265213,3.317182559,3.740283526,2.362761413,0.403867829,1.920232765,0.194602374,0.422976621,-1.160006724,-0.013857497,-1.03152901,-0.698628583,-2.425956238,-5.888937906,0.423982057,-1.506526998,0.056268473,1.355785395,-0.92274499,0,0.568023468,-0.173870902,1.526165085,3.102033079,2.310261839,1.676684167,1.042717498,1.841376547,1.966728307,1.527376221,0.304248682,1.863295805,-5.023768571,2.632964111,-3.174040342,1.498095383,6.559314446,-3.680835104,-2.436450988,1.297225948,2.088337035,2.077892272,2.097601545,1.985949542,2.253247722,2.845543692,-5.932727524,1.564824783,2.530109658,-3.177944552,3.150439562,0.249498111,-1.085901803,2.678547545,4.021936152,1.522357007,4.847460568,5.135265933,9.304153149,5.625874211,6.435395126,7.111973553,7.372891842,6.536099547,5.153654044,1.214273893,0.278827729,6.067732568,3.356806789,1.325461939,2.103088103,5.725716429,3.54316846,6.065832409,-2.48615982,-7.376600959,2.423892802,-2.7074484,0.867546108,2.127981708,-0.480643005,-4.610150801,-4.312337923,0.099633895,0.771438859,0.831675822,-3.782550615,-7.573685807,-5.359209205,-7.554147148,-0.961599104,10.24186697,10.4428897,10.26088936,10.48459178
-0.054822748,0.723427522,-1.536263321,3.776137786,2.42872804,0.433241745,2.749159091,3.172260058,1.820299043,-0.161499701,1.352209298,-0.373421094,-0.145046847,-1.728030192,-0.581880965,-1.599552478,-1.266652051,-2.993979706,-6.456961374,-0.144041411,-2.074550466,-0.511754995,0.787761927,-1.490768458,-0.568023468,0,-0.74189437,0.958141617,2.534009611,1.742238371,1.108660699,0.47469403,1.27335308,1.398704839,0.959352753,-0.263774786,1.295272337,-5.591792039,2.064940643,-3.74206381,0.930071915,5.991290978,-4.248858572,-3.004474456,0.72920248,1.520313568,1.509868805,1.529578077,1.417926074,1.685224254,2.277520224,-6.500750992,0.996801315,1.96208619,-3.74596802,2.582416094,-0.318525357,-1.65392527,2.110524077,3.453912684,0.954333539,4.2794371,4.567242465,8.736129681,5.057850743,5.867371658,6.543950085,6.804868374,5.968076079,4.585630576,0.646250425,-0.289195739,5.499709101,2.788783322,0.757438471,1.535064635,5.167053913,2.975144992,5.497808941,-3.054183288,-7.944624426,1.855869334,-3.275471868,0.29952264,1.55995824,-1.048666473,-5.178174269,-4.880361391,-0.468389573,0.203415391,0.263652354,-4.350574083,-8.141709275,-5.927232673,-8.122170616,-1.529622572,9.624618847,9.87999033,9.69286589,9.916568314
0.687071622,1.465321892,-0.794368951,4.518032156,3.17062241,1.175136115,3.491053461,3.914154428,2.545264582,0.593208787,2.094103668,0.368473276,0.596847523,-0.986135822,0.160013406,-0.857658108,-0.524757681,-2.252085336,-5.715067004,0.597852959,-1.332656095,0.230139375,1.529656297,-0.748874087,0.173870902,0.74189437,0,1.700035987,3.275903982,2.484132741,1.850555069,1.2165884,2.01524745,2.140599209,1.701247123,0.478119584,2.037166708,-4.849897669,2.806835013,-3.00016944,1.671966285,6.733185348,-3.506964202,-2.262580085,1.47109685,2.262207938,2.251763175,2.271472447,2.159820444,2.427118624,3.019414594,-5.758856622,1.738695685,2.70398056,-3.00407365,3.324310464,0.423369013,-0.9120309,2.852418447,4.195807055,1.696227909,5.02133147,5.309136836,9.478024051,5.799745114,6.609266028,7.285844455,7.546762744,6.709970449,5.327524946,1.388144795,0.452698631,6.241603471,3.530677692,1.499332841,2.276959005,5.911386922,3.717039362,6.239703311,-2.312288917,-7.202730056,2.597763705,-2.533577498,1.04141701,2.30185261,-0.306772103,-4.436279899,-4.138467021,0.273504798,0.945309761,1.005546724,-3.608679712,-7.399814905,-5.185338303,-7.380276245,-0.787728201,10.40708711,10.66769386,10.43476026,10.65846268
-1.012964365,-0.234714095,-2.494404938,2.817996169,1.470586423,-0.524899872,1.791017474,2.214118441,0.837982224,-1.113639299,0.394067681,-1.331562711,-1.103188464,-2.686171809,-1.540022582,-2.557694095,-2.224793668,-3.952121323,-7.415102991,-1.102183028,-3.032692083,-1.469896612,-0.17037969,-2.448910075,-1.526165085,-0.958141617,-1.700035987,0,1.575867994,0.784096754,0.150519082,-0.483447587,0.315211462,0.440563222,0.001211136,-1.221916403,0.33713072,-6.549933656,1.106799026,-4.700205427,-0.028069702,5.033149361,-5.207000189,-3.962616073,-0.228939137,0.562171951,0.551727187,0.57143646,0.459784457,0.727082637,1.319378607,-7.458892609,0.038659698,1.003944573,-4.704109637,1.624274477,-1.276666974,-2.612066888,1.15238246,2.495771067,-0.003808078,3.321295483,3.609100848,7.777988064,4.099709126,4.909230041,5.585808468,5.846726757,5.009934462,3.627488959,-0.311891192,-1.247337356,4.541567484,1.830641705,-0.200703146,0.576923018,4.212135466,2.017003375,4.539667324,-4.012324905,-8.902766043,0.897727717,-4.233613485,-0.658618977,0.601816623,-2.00680809,-6.136315886,-5.838503008,-1.42653119,-0.754726226,-0.694489263,-5.3087157,-9.099850892,-6.88537429,-9.080312233,-2.487764189,8.68873322,8.943262687,8.734724273,8.958426697
-2.588832359,-1.81058209,-4.070272933,1.242128174,-0.105281571,-2.100767866,0.21514948,0.638250447,-0.768984391,-2.700411886,-1.181800314,-2.907430705,-2.679056459,-4.262039803,-3.115890576,-4.133562089,-3.800661663,-5.527989317,-8.990970986,-2.678051022,-4.608560077,-3.045764607,-1.746247685,-4.024778069,-3.102033079,-2.534009611,-3.275903982,-1.575867994,0,-0.791771241,-1.425348913,-2.059315581,-1.260656532,-1.135304772,-1.574656858,-2.797784398,-1.238737274,-8.125801651,-0.469068968,-6.276073422,-1.603937696,3.457281367,-6.782868184,-5.538484067,-1.804807132,-1.013696044,-1.024140807,-1.004431534,-1.116083538,-0.848785357,-0.256489388,-9.034760604,-1.537208297,-0.571923422,-6.279977632,0.048406482,-2.852534969,-4.187934882,-0.423485535,0.919903073,-1.579676073,1.745427488,2.033232854,6.202120069,2.523841132,3.333362047,4.009940473,4.270858763,3.434066467,2.051620965,-1.887759186,-2.82320535,2.965699489,0.25477371,-1.77657114,-0.998944977,2.597559849,0.441135381,2.96379933,-5.588192899,-10.47863404,-0.678140277,-5.80948148,-2.234486971,-0.974051371,-3.582676085,-7.71218388,-7.414371002,-3.002399184,-2.33059422,-2.270357257,-6.884583694,-10.67571889,-8.461242284,-10.65618023,-4.063632183,7.079241752,7.290286253,7.158856278,7.382558702
-1.797061119,-1.018810849,-3.278501692,2.033899415,0.686489669,-1.308996626,1.00692072,1.430021687,0.045289263,-1.91985341,-0.390029073,-2.115659465,-1.887285218,-3.470268563,-2.324119335,-3.341790849,-3.008890422,-4.736218077,-8.199199745,-1.886279782,-3.816788836,-2.253993366,-0.954476444,-3.233006828,-2.310261839,-1.742238371,-2.484132741,-0.784096754,0.791771241,0,-0.633577672,-1.267544341,-0.468885291,-0.343533532,-0.782885618,-2.006013157,-0.446966033,-7.33403041,0.322702272,-5.484302181,-0.812166456,4.249052607,-5.991096943,-4.746712826,-1.013035891,-0.221924803,-0.232369566,-0.212660294,-0.324312297,-0.057014117,0.535281853,-8.242989363,-0.745437056,0.219847819,-5.488206391,0.840177723,-2.060763728,-3.396163641,0.368285706,1.711674314,-0.787904832,2.537198729,2.825004095,6.99389131,3.315612373,4.125133287,4.801711714,5.062630003,4.225837708,2.843392205,-1.095987946,-2.03143411,3.75747073,1.046544951,-0.9847999,-0.207173736,3.41672334,1.232906621,3.75557057,-4.796421658,-9.686862797,0.113630964,-5.017710239,-1.442715731,-0.182280131,-2.790904844,-6.92041264,-6.622599762,-2.210627943,-1.53882298,-1.478586017,-6.092812453,-9.883947646,-7.669471044,-9.864408986,-3.271860942,7.872275627,8.091913638,7.950627519,8.174329943
-1.163483447,-0.385233177,-2.64492402,2.667477087,1.320067341,-0.675418954,1.640498392,2.063599359,0.683284029,-1.27182539,0.243548599,-1.482081793,-1.253707546,-2.836690891,-1.690541664,-2.708213177,-2.37531275,-4.102640405,-7.565622073,-1.25270211,-3.183211165,-1.620415694,-0.320898772,-2.599429157,-1.676684167,-1.108660699,-1.850555069,-0.150519082,1.425348913,0.633577672,0,-0.633966669,0.164692381,0.29004414,-0.149307946,-1.372435485,0.186611639,-6.700452738,0.956279944,-4.850724509,-0.178588784,4.882630279,-5.357519271,-4.113135155,-0.379458219,0.411652869,0.401208106,0.420917378,0.309265375,0.576563555,1.168859525,-7.609411691,-0.111859384,0.853425491,-4.854628719,1.473755395,-1.427186056,-2.762585969,1.001863378,2.345251985,-0.15432716,3.170776401,3.458581766,7.627468982,3.949190044,4.758710959,5.435289386,5.696207675,4.85941538,3.476969877,-0.462410274,-1.397856438,4.391048402,1.680122623,-0.351222228,0.426403936,4.052552052,1.866484293,4.389148242,-4.162843986,-9.053285125,0.747208635,-4.384132567,-0.809138059,0.451297541,-2.157327172,-6.286834968,-5.98902209,-1.577050272,-0.905245308,-0.845008345,-5.459234782,-9.250369974,-7.035893372,-9.230831315,-2.63828327,8.530906902,8.747724586,8.584205191,8.807907615
-0.529516778,0.248733492,-2.010957352,3.301443755,1.95403401,-0.041452285,2.274465061,2.697566028,1.315703563,-0.643370478,0.877515267,-0.848115124,-0.619740877,-2.202724222,-1.056574995,-2.074246508,-1.741346081,-3.468673736,-6.931655405,-0.618735441,-2.549244496,-0.986449025,0.313067897,-1.965462488,-1.042717498,-0.47469403,-1.2165884,0.483447587,2.059315581,1.267544341,0.633966669,0,0.798659049,0.924010809,0.484658723,-0.738468816,0.820578307,-6.066486069,1.590246613,-4.21675784,0.455377885,5.516596948,-4.723552602,-3.479168486,0.25450845,1.045619537,1.035174774,1.054884047,0.943232043,1.210530224,1.802826194,-6.975445023,0.522107285,1.48739216,-4.22066205,2.107722064,-0.793219388,-2.128619301,1.635830047,2.979218654,0.479639509,3.80474307,4.092548435,8.261435651,4.583156713,5.392677628,6.069256055,6.330174344,5.493382049,4.110936546,0.171556395,-0.763889769,5.02501507,2.314089291,0.282744441,1.060370605,4.687019406,2.500450962,5.023114911,-3.528877318,-8.419318457,1.381175304,-3.750165898,-0.17517139,1.08526421,-1.523360503,-5.652868299,-5.355055421,-0.943083603,-0.271278639,-0.211041676,-4.825268113,-8.616403306,-6.401926703,-8.596864646,-2.004316602,9.155880009,9.372835502,9.21817186,9.441874284
